Simple utility class to dump data array into a .npy file
readable by numpy/python.

This utility is written by Carl Rogers: https://github.com/rogersce/cnpy


Build the example:
 g++ -o cnpy_example cnpy_example.cpp cnpy.cpp -lz


In python:
In [1]: data = np.load("data.npy")

In [2]: data
Out[2]: 
array([[0.84018772, 0.39438293, 0.78309922, 0.79844003, 0.91164736,
        0.19755137, 0.33522276, 0.76822959, 0.27777471, 0.55396996,
        0.47739705, 0.62887092, 0.36478447, 0.51340091, 0.95222973,
        0.91619507],
       [0.63571173, 0.71729693, 0.14160256, 0.60696888, 0.01630057,
        0.24288677, 0.13723158, 0.80417675, 0.15667909, 0.40094439,
        0.12979045, 0.1088088 , 0.99892452, 0.21825691, 0.51293239,
        0.83911223],
       [0.61263983, 0.29603162, 0.63755227, 0.52428719, 0.49358299,
        0.97277502, 0.29251678, 0.7713577 , 0.52674498, 0.76991384,
        0.40022862, 0.89152945, 0.28331475, 0.35245835, 0.80772452,
        0.91902647],
       [0.06975528, 0.94932708, 0.52599535, 0.08605585, 0.19221385,
        0.66322693, 0.8902326 , 0.34889294, 0.06417132, 0.02002305,
        0.45770174, 0.06309584, 0.23827995, 0.97063413, 0.90220807,
        0.85091979],
       [0.26666575, 0.53976034, 0.37520698, 0.76024874, 0.51253536,
        0.66772376, 0.53160643, 0.03928034, 0.4376376 , 0.93183506,
        0.9308098 , 0.72095234, 0.2842934 , 0.73853431, 0.63997882,
        0.35404868],
       [0.68786139, 0.16597417, 0.44010453, 0.88007524, 0.82920109,
        0.33033713, 0.22896817, 0.89337241, 0.35036018, 0.68666991,
        0.95646825, 0.58864013, 0.65730404, 0.85867633, 0.43955992,
        0.92396979],
       [0.39843667, 0.8147669 , 0.68421853, 0.91097203, 0.48249066,
        0.21582496, 0.95025237, 0.92012825, 0.14766001, 0.88106217,
        0.6410806 , 0.43195342, 0.61959648, 0.28105941, 0.7860021 ,
        0.30745787],
       [0.44703358, 0.22610663, 0.18753311, 0.27623467, 0.55644376,
        0.41650128, 0.16960709, 0.90680393, 0.10317119, 0.12607534,
        0.49544407, 0.76047523, 0.98475167, 0.93500399, 0.68444502,
        0.38318833]])




